Fecha,CM1,CM2,CM3,CM4
Ene 2001,-0.088248024,-0.022438823,-0.022056023,-0.022818976
Feb 2001,-0.014575071,0.009748135,0.011399745,0.011013541
Mar 2001,-0.014472016,0.010841467,0.012447421,0.012004355
Abr 2001,0.004415438,0.01018406,0.008627852,0.008767386
May 2001,0.005650974,0.007278631,0.010917716,0.012675851
Jun 2001,0.031450661,0.015765899,0.014998986,0.015049435
Jul 2001,0.008573721,0.014985791,0.004885536,0.005826786
Ago 2001,0.020625496,0.020677515,0.019118826,0.016752874
Sep 2001,0.058789355,0.011283333,0.013366583,0.01315009
Oct 2001,-0.002381667,0.021194799,0.016412662,0.014998328
Nov 2001,0.056806676,0.01119641,0.022370431,0.022433153
Dic 2001,0.115159309,0.011832636,0.004094773,0.006644712
Ene 2002,-0.068672526,-0.012877467,-0.01662996,-0.017115557
Feb 2002,-0.010075839,-0.004809151,0.003968861,0.003315899
Mar 2002,0.024262995,0.0126024,0.010526324,0.010807804
Abr 2002,-0.019854837,-0.010896673,-0.002283567,-0.001287438
May 2002,0.004791098,0.019596433,0.003609395,0.002672024
Jun 2002,0.032795819,0.004525945,0.015410675,0.015028483
Jul 2002,-0.004935963,0.004668813,0.000575822,0.000867146
Ago 2002,-0.004268513,-0.006720083,-0.002734993,-0.005028322
Sep 2002,0.010003153,-0.007436162,-0.001178608,-0.000419948
Oct 2002,-0.003286058,0.003885084,0.007688665,0.008581233
Nov 2002,0.042531344,0.046618462,0.051984188,0.050633969
Dic 2002,0.127424414,0.011623402,0.007909204,0.008270812
Ene 2003,-0.060717238,0.010510919,-0.006397173,-0.001696659
Feb 2003,-0.017145828,-0.002798069,-0.00797183,-0.010373711
Mar 2003,0.009903552,-0.012791633,-0.006084975,-0.004015517
Abr 2003,-0.016043239,-0.002167507,-0.001568516,-0.002775558
May 2003,0.012703868,0.011899647,0.007081047,0.006590449
Jun 2003,0.021978284,-0.017083366,-0.006557824,-0.005806227
Jul 2003,-0.006813248,0.019735539,0.019512646,0.022016753
Ago 2003,-0.003186182,-0.005908595,-0.001731185,-0.000619365
Sep 2003,0.004333157,0.00791878,0.014010054,0.012782399
Oct 2003,0.01099581,0.000311477,-0.001028888,-0.002101823
Nov 2003,0.047020509,-0.003807143,0.000155039,-0.000149606
Dic 2003,0.119784783,0.065708804,0.064842322,0.062758646
Ene 2004,-0.052999152,0.003300039,-0.016422758,-0.012593407
Feb 2004,-0.009293712,-0.022894598,-0.012752295,-0.007886376
Mar 2004,-0.009407892,0.011587065,0.003317227,0.012129732
Abr 2004,0.003655775,-0.002362016,0.00337507,-0.009166666
May 2004,0.021143549,-0.006520114,-0.002471322,-0.003335006
Jun 2004,0.040179562,0.019479947,0.026787859,0.030944196
Jul 2004,-0.022179074,-0.015507428,-0.012902091,-0.014449617
Ago 2004,-0.007411173,0.000234364,-0.00759357,-0.00433073
Sep 2004,0.009678103,0.017225138,-0.003603907,0.001916054
Oct 2004,0.014918803,0.016594103,0.022342347,0.024265557
Nov 2004,0.024955787,0.022442797,0.003081671,0.006831782
Dic 2004,0.092757512,0.02497416,0.03904801,0.037619651
Ene 2005,-0.040449316,-0.010294133,-0.017628491,-0.010620662
Feb 2005,-0.00445868,-0.008646542,-0.002668849,-0.002754611
Mar 2005,-0.015065921,0.009281681,0.005161418,0.00768994
Abr 2005,0.000592062,0.002975054,0.000304167,0.000209944
May 2005,0.001244582,-0.006068069,-0.001723188,-0.001495058
Jun 2005,0.042547291,0.019849701,0.018217432,0.01983763
Jul 2005,-0.005471804,0.007993231,0.011754499,0.012200142
Ago 2005,-0.009162771,0.007060466,-0.000130829,0.00122782
Sep 2005,0.008957172,0.014033964,0.020044774,0.018711137
Oct 2005,0.010989745,0.024434663,0.022035135,0.021244891
Nov 2005,0.029447685,0.015027414,0.009813013,0.010123822
Dic 2005,0.109999124,0.059855721,0.047348986,0.046051022
Ene 2006,-0.045145374,-0.001166177,-0.013060509,-0.010693533
Feb 2006,-0.007187278,0.011631718,0.017183316,0.020278159
Mar 2006,0.020101959,0.035827509,0.039079932,0.040788156
Abr 2006,0.009044224,0.022836269,0.022842287,0.026587875
May 2006,0.005326405,-0.004973114,0.002366313,0.000481579
Jun 2006,0.046781268,0.013060197,0.019267298,0.019474172
Jul 2006,-0.004917036,-0.020862229,-0.016296008,-0.022034704
Ago 2006,-0.028146658,-0.007613089,-0.001181245,-0.00448925
Sep 2006,0.012665883,0.00342375,0.006296912,0.008333034
Oct 2006,-0.00594824,0.001751046,-0.008396227,-0.006052713
Nov 2006,0.046548183,0.009308647,0.020043567,0.022610585
Dic 2006,0.090118004,0.057399441,0.058407825,0.056853481
Ene 2007,-0.059815786,-0.014257095,-0.029958887,-0.027334797
Feb 2007,-0.0126956,0.007867563,0.002311169,0.002290123
Mar 2007,0.012230701,0.008155534,0.019144774,0.021277528
Abr 2007,-0.016001806,-0.012448674,-0.017962204,-0.017513024
May 2007,0.005263228,0.010776709,0.017567175,0.020117967
Jun 2007,0.036461758,0.017031503,0.005406781,0.00246752
Jul 2007,-0.009278803,-0.003893198,-0.004608963,-0.000340755
Ago 2007,0.008662922,0.02363523,0.039911978,0.038183781
Sep 2007,0.02225306,0.002796228,-0.004584536,-8.17811E-05
Oct 2007,-0.016838081,0.010149661,0.009033803,0.009914271
Nov 2007,0.029074424,0.018351999,0.01730769,0.021922436
Dic 2007,0.112885052,0.038942176,0.033396071,0.033302413
Ene 2008,-0.060698636,0.000159337,0.002951728,0.011853639
Feb 2008,-0.011522869,-0.001697904,-0.002416544,0.001591449
Mar 2008,-0.017575769,-0.00354543,-0.002589855,-0.001104205
Abr 2008,0.000285227,0.007710909,0.016034268,0.015915763
May 2008,0.00317446,0.021463763,0.018272627,0.015785913
Jun 2008,0.005668079,0.001144934,-0.004339496,-0.005030345
Jul 2008,-0.007819609,0.004365112,0.018191321,0.025147847
Ago 2008,0.002528523,-0.010861603,-0.013749551,-0.006805791
Sep 2008,0.003362941,0.007398975,0.002342819,0.001876678
Oct 2008,0.032784341,0.033118483,0.020448999,0.008436543
Nov 2008,0.043952451,0.008429197,0.015951478,0.011001715
Dic 2008,0.109006004,0.043981564,0.06243554,0.059371936
Ene 2009,-0.044835924,0.002791076,0.007186251,0.006799156
Feb 2009,0.003177452,0.000942514,0.013343576,0.00754559
Mar 2009,-0.012293406,-0.003224317,-0.007962721,-0.006630705
Abr 2009,-0.00603816,-0.001129016,0.002256827,0.002344405
May 2009,0.007666213,-0.01015742,-0.011930073,-0.01078294
Jun 2009,0.004733237,0.010496517,0.013571514,0.009989253
Jul 2009,0.002759693,0.005246817,0.009132805,0.010090682
Ago 2009,-0.006663687,-0.024346593,-0.011419374,-0.008812269
Sep 2009,0.0016405,0.004777268,-0.003361266,0.001070577
Oct 2009,0.03400223,0.014122063,0.024367783,0.026448739
Nov 2009,0.016920202,0.003554154,0.004266755,0.006839278
Dic 2009,0.089079727,0.037250746,0.023256612,0.024117907
Ene 2010,-0.040732585,-0.011844236,-0.018378073,-0.014188547
Feb 2010,-0.019293027,0.003124206,-0.004394848,0.000368449
Mar 2010,0.004482503,-0.015108486,-0.001217764,0.005758252
Abr 2010,-0.013565762,-0.003238466,0.000355325,0.009686252
May 2010,0.015187155,0.018375179,0.016253909,0.014858801
Jun 2010,0.019841458,0.009569284,0.003280262,0.003912125
Jul 2010,0.003584372,0.004673558,0.012539586,0.019140782
Ago 2010,-0.000634452,0.019248751,0.016375369,0.018973474
Sep 2010,0.009084683,-0.008980294,-0.006274045,0.001874367
Oct 2010,0.003802563,0.0239574,0.022426708,0.033227324
Nov 2010,0.028737469,0.000711407,-0.014852772,-0.010460115
Dic 2010,0.12550159,0.033630647,0.03214044,0.037586185
Ene 2011,-0.056136595,-0.002285094,0.000893256,0.001029972
Feb 2011,-0.002978917,0.002148085,0.000363932,0.007579532
Mar 2011,0.00636738,0.000735267,-0.001585989,0.004729812
Abr 2011,0.004467304,0.007239096,0.008854853,0.017880493
May 2011,-0.009718037,-0.001470698,0.004253739,0.015302708
Jun 2011,0.035497481,0.012757014,0.014577707,0.012444519
Jul 2011,-0.0073126,0.008519901,0.006922215,0.013701249
Ago 2011,-0.001575409,0.009441725,0.019975433,0.029582314
Sep 2011,0.060615319,0.004865482,0.007864272,-0.002272674
Oct 2011,-0.00945549,0.019632235,0.021770756,0.025106152
Nov 2011,0.019325054,0.013557238,0.003730404,0.004091039
Dic 2011,0.097658301,0.036314321,0.040824411,0.048811745
Ene 2012,-0.050204256,0.000771878,-0.002933064,0.008932025
Feb 2012,-0.019704935,0.000765292,0.000755916,0.00473968
Mar 2012,0.045201296,0.019336733,0.020144,0.017821537
Abr 2012,-0.015922023,-0.007122223,-0.007623529,0.005017003
May 2012,0.015619876,0.005462369,0.014425865,0.013382072
Jun 2012,0.039059892,0.00891782,0.017008742,0.024309301
Jul 2012,-0.027547863,0.000749396,0.001540544,0.013400714
Ago 2012,0.00971666,0.003807933,0.007404777,0.006000587
Sep 2012,0.005104633,-0.006265785,-0.004231066,0.009087706
Oct 2012,-0.011648501,0.018772078,0.012518426,0.013600575
Nov 2012,0.040419714,0.000649728,0.003194958,0.009846608
Dic 2012,0.067131239,0.022418191,0.017628465,0.02951822
Ene 2013,-0.046047902,-0.002409377,0.004919543,0.013884032
Feb 2013,-0.008804701,0.000629548,-0.009442673,-0.004422855
Mar 2013,0.009580289,0.004269473,0.010815335,0.018957998
Abr 2013,-0.014969072,-0.006485883,-0.017303758,-0.001540648
May 2013,0.013518162,0.007815444,0.01978579,0.0070445
Jun 2013,0.018647677,0.026817929,0.013733363,-0.006004155
Jul 2013,-0.001941682,0.009261231,0.006436028,0.006242054
Ago 2013,0.014618742,0.006189411,0.017558128,0.010329618
Sep 2013,0.002827222,-0.003504386,-0.000832065,0.008791756
Oct 2013,-0.014207618,0.011930908,0.022471803,0.016705406
Nov 2013,0.059127461,0.017427754,0.018149338,0.01600975
Dic 2013,0.070958801,0.030485992,0.010668749,0.016246892
Ene 2014,-0.022885855,0.001594374,0.001224807,-0.003932682
Feb 2014,-0.006441114,-0.003800629,0.003943543,0.015530061
Mar 2014,0.002848319,-0.001238615,-0.001971238,-0.00114929
Abr 2014,0.006522244,0.019769328,0.013139184,0.005538246
May 2014,0.011443003,0.003861615,0.002109777,0.011996563
Jun 2014,0.006209295,0.011710065,0.017464478,0.017813566
Jul 2014,0.010740166,0.00832511,0.00852205,0.012883119
Ago 2014,0.005369859,0.002006293,0.005189923,0.00184
Sep 2014,0.004450475,-0.001475324,-0.005758575,-0.005822032
Oct 2014,0.024295122,0.00791986,0.027003303,0.026097763
Nov 2014,0.035591768,0.007302989,0.006767407,0.017824248
Dic 2014,0.060766949,0.023866865,0.013341178,0.010003684
Ene 2015,0.003784734,0.022233366,0.014449871,0.019009664
Feb 2015,-0.006324174,-0.002174838,0.002879467,-0.000670313
Mar 2015,0.005227413,-0.009952527,-0.011666611,-0.014387912
Abr 2015,0.013434128,0.008915727,0.017097464,0.012790098
May 2015,0.006283132,0.00928003,0.013117371,0.010515229
Jun 2015,0.008935471,0.000229724,-0.000631355,-0.003500571
Jul 2015,0.018747076,0.001723552,0.00602685,0.007237988
Ago 2015,0.009827786,0.000343816,0.001383754,0.002889938
Sep 2015,0.001210322,0.001066317,-0.00969984,-0.007507284
Oct 2015,0.015359903,0.00864949,0.016994318,0.008528143
Nov 2015,0.008506985,-0.015106012,-0.007655546,-0.011109623
Dic 2015,0.06991651,0.037760819,0.030595965,0.026571003
Ene 2016,-0.015682027,0.006436234,0.013829227,0.011672107
Feb 2016,-0.007241837,-0.00486358,-0.00369069,-0.00416636
Mar 2016,0.008807092,0.00670282,-0.003005504,-0.003299536
Abr 2016,0.005252096,0.009206509,0.003144479,0.002730345
May 2016,0.019098818,0.015741276,0.011908911,-0.000518273
Jun 2016,0.017284495,0.018760166,0.016400523,0.007316301
Jul 2016,0.004602008,0.007019336,0.007283369,0.005504565
Ago 2016,0.003989059,-0.007277633,-0.005842651,-0.003398803
Sep 2016,0.00529271,0.016176089,0.021050159,0.028066205
Oct 2016,0.007316662,0.005262319,-0.003481465,-0.004983646
Nov 2016,0.038879304,0.015277939,0.018831955,0.00933008
Dic 2016,0.059673583,0.038199374,0.023957489,0.018658519
Ene 2017,-0.014713967,-0.007711559,-0.001799725,0.001986269
Feb 2017,-0.003507577,-0.002114179,-0.002838593,0.002646719
Mar 2017,-0.003735002,-0.006196003,0.004680053,0.006454337
Abr 2017,0.007537656,0.001973805,0.001987326,0.001659623
May 2017,-0.019016756,0.000562143,-0.00589433,-0.007385548
Jun 2017,0.017601899,0.015443715,0.021582452,0.018388486
Jul 2017,0.004386491,0.008254213,0.017151769,0.010401836
Ago 2017,-0.011758984,-0.005428897,-0.00973396,-0.008123972
Sep 2017,0.021703594,0.019267526,0.020431325,0.021184446
Oct 2017,0.015843966,0.011304718,0.001980571,-0.001596558
Nov 2017,0.018916808,0.015959091,0.01875646,0.014781515
Dic 2017,0.067409922,0.041227007,0.036335982,0.020501612
Ene 2018,-0.044124086,-0.018739534,-0.030623649,-0.023377365
Feb 2018,-2.39072E-05,0.003160343,0.00768995,0.002715319
Mar 2018,0.015395732,0.00531925,0.025497308,0.026684042
Abr 2018,0.001020214,0.011118991,0.001336865,0.002535145
May 2018,0.002842162,0.00816612,0.010114081,0.008197206
Jun 2018,0.031650144,0.011775224,0.011547743,0.007334108
Jul 2018,-0.026256298,-0.015486523,-0.00793148,-0.004624026
Ago 2018,0.005762041,0.008507103,0.007997786,0.003599943
Sep 2018,-0.009147542,0.000294248,0.004561194,0.006299704
Oct 2018,0.010916037,0.004715598,0.004818997,-0.005541424
Nov 2018,0.034714886,0.017802671,0.015901417,0.014438031
Dic 2018,0.032577491,0.013142797,0.011592406,0.00857487
Ene 2019,-0.037456321,-0.012819639,-0.003076224,0.007215783
Feb 2019,-0.003949757,0.004798534,-0.00301506,-0.001406474
Mar 2019,0.00208356,0.009385341,0.009484319,0.011458044
Abr 2019,-0.005902679,-0.005718097,-0.002704065,-0.005221775
May 2019,0.011138331,0.014400497,0.016788267,0.017562205
Jun 2019,0.003140968,0.003553543,0.005105018,0.000216585
Jul 2019,-0.009344576,-0.001178184,-0.001853847,-0.002682771
Ago 2019,0.01839262,0.018329682,0.024575339,0.024846886
Sep 2019,-0.013494459,-0.004478655,-0.001351226,-0.001477073
Oct 2019,0.001416929,-0.006549505,-0.000426981,0.001272774
Nov 2019,0.040256592,0.015329942,0.014770567,0.007775694
Dic 2019,0.042138219,0.020938795,0.006896622,0.014011971
Ene 2020,-0.031032646,-0.007098968,-0.002053893,0.003189965
Feb 2020,0.00972258,0.015187678,0.011609484,0.009875305
Mar 2020,0.061806554,0.039727424,0.0379081,0.014587293
