Fecha,M1,M2,M3,M4
dic-00,575634760.26,1817196846.58,2002126638.18,2030929379.18
ene-01,524836129.99,1776421087.96,1957967687.46,1984585650.56
feb-01,517186605.97,1793737880.51,1980288020.01,2006442966.71
mar-01,509701873.04,1813184631.24,2004937498.44,2030529020.44
abr-01,511952430.01,1831650212.46,2022235802.56,2048331452.86
may-01,514845459.96,1844982117.63,2044313998.23,2074295797.23
jun-01,531037690.04,1874069918.57,2074976636.27,2105512776.87
jul-01,535590658.99,1902154339.32,2085114008.32,2117781149.22
ago-01,546637481.95,1941486164.69,2124978940.79,2153260069.69
sep-01,578773946.96,1963392599.68,2153382647.18,2181575634.38
oct-01,577395499.96,2005006311.37,2188725389.37,2214295621.47
nov-01,610195418.98,2027455184.96,2237688119.46,2263969254.26
dic-01,680465101.73,2051445324.10,2246850943.60,2279012677.60
ene-02,633735844.37,2025027905.16,2209485901.86,2240006105.76
feb-02,627350424.12,2015289239.23,2218255044.33,2247433740.62
mar-02,642571824.36,2040686720.23,2241605115.53,2271723564.50
abr-02,629813665.69,2018450024.57,2236486260.77,2268798862.38
may-02,632831164.50,2058004444.24,2244558622.64,2274861147.41
jun-02,653585380.89,2067318859.31,2279148786.11,2309048859.91
jul-02,650359307.91,2076970784.83,2280461170.33,2311051142.12
ago-02,647583240.81,2063013368.37,2274224125.27,2299430432.26
sep-02,654061115.09,2047672466.99,2271543705.49,2298464790.19
oct-02,651911832.11,2055627846.76,2289008844.76,2318188452.44
nov-02,679638518.79,2151458055.32,2408001110.02,2435567534.08
dic-02,766241058.50,2176465317.03,2427046482.13,2455711655.53
ene-03,719717017.65,2199341967.83,2411520247.03,2451545150.28
feb-03,707376873.62,2193188056.86,2392296017.36,2426113530.35
mar-03,714382417.12,2165133599.84,2377738956.04,2416371429.74
abr-03,702921409.50,2160440656.94,2374009434.34,2409664651.60
may-03,711851230.11,2186149137.36,2390819907.76,2425545422.40
jun-03,727496498.28,2148802351.35,2375141331.45,2411462154.22
jul-03,722539884.07,2191210124.64,2421486624.24,2464554721.14
ago-03,720237740.48,2178263151.05,2417294582.05,2463028263.01
sep-03,723358643.52,2195512336.98,2451161010.58,2494511672.99
oct-03,731312557.64,2196196189.49,2448639040.19,2489268649.76
nov-03,765699246.08,2187834955.96,2449018674.26,2488896240.42
dic-03,857418364.16,2331594974.69,2607818730.59,2645095999.30
ene-04,811975918.02,2339289328.74,2564991154.14,2611785228.82
feb-04,804429647.41,2285732239.36,2532281631.06,2591187708.12
mar-04,796861660.49,2312217167.10,2540681784.90,2622618120.57
abr-04,799774807.43,2306755672.89,2549256764.69,2598577457.18
may-04,816684885.43,2291715362.93,2542956730.43,2589911184.65
jun-04,849498926.40,2336357856.30,2611077095.50,2670053903.56
jul-04,830657826.80,2300126954.37,2577388741.07,2631472647.06
ago-04,824501677.80,2300666021.32,2557817160.42,2620076449.96
sep-04,832481290.24,2340295311.71,2548599025.61,2625096658.95
oct-04,844900914.89,2379130413.89,2605540708.89,2688796090.50
nov-04,865986082.27,2432524755.20,2613570128.40,2707165360.42
dic-04,946312797.12,2493275017.56,2715624840.26,2809007975.17
ene-05,908035091.58,2467608911.81,2667752472.81,2779174451.27
feb-05,903986453.66,2446272628.51,2660632643.51,2771518908.10
mar-05,890367065.10,2468978149.82,2674365280.82,2792831721.13
abr-05,890894217.50,2476323493.30,2675178734.50,2793418059.50
may-05,892003008.77,2461296990.33,2670568898.53,2789241738.16
jun-05,929955320.62,2510152999.12,2719219806.92,2844573682.63
jul-05,924866787.16,2530217232.75,2751182872.45,2879277886.13
ago-05,916392444.46,2548081745.29,2750822939.19,2882813119.81
sep-05,924600729.52,2583841432.61,2805962562.41,2936753830.53
oct-05,934761855.49,2646976727.23,2867792325.93,2999144844.95
nov-05,962288428.07,2686753941.24,2895934010.34,3029507652.56
dic-05,1068139311.81,2847571535.94,3033053548.74,3169019576.38
ene-06,1019917763.22,2844250762.10,2993440326.60,3135131560.79
feb-06,1012587330.29,2877334284.26,3044877557.36,3198706256.75
mar-06,1032942319.58,2980422003.71,3163871164.41,3329175586.42
abr-06,1042284481.29,3048483722.49,3236141218.69,3417691290.02
may-06,1047836110.72,3033323264.42,3243798942.52,3419337178.57
jun-06,1096855213.04,3072939062.92,3306298184.32,3485925939.56
jul-06,1091461936.00,3008830705.47,3252418723.27,3409114593.67
ago-06,1060740929.90,2985924210.35,3248576819.75,3393810226.49
sep-06,1074176150.72,2996147269.42,3269032822.32,3422090960.88
oct-06,1067786693.33,3001393661.65,3241585281.65,3401378027.17
nov-06,1117490223.87,3029332576.91,3306558213.41,3478285175.05
dic-06,1218196212.24,3203214574.58,3499687088.28,3676037794.75
ene-07,1145328847.80,3157546038.74,3394840358.94,3575554046.74
feb-07,1130788211.26,3182388231.79,3402686407.89,3583742507.01
mar-07,1144618543.28,3208342307.05,3467830070.75,3659995687.91
abr-07,1126302579.39,3168402699.42,3405540199.72,3595898096.94
may-07,1132230566.37,3202547654.74,3465365920.84,3668240254.43
jun-07,1173513683.56,3257091853.83,3484102395.93,3677291711.24
jul-07,1162624880.72,3244411351.69,3468044296.29,3676038655.37
ago-07,1172696609.40,3321093758.58,3606460804.78,3816403709.97
sep-07,1198792697.74,3330380292.82,3589926853.62,3816091600.17
oct-07,1178607329.02,3364182525.15,3622357545.15,3853925366.38
nov-07,1212874657.80,3425921997.93,3685052187.43,3938412799.75
dic-07,1349790076.05,3559334855.97,3808118453.07,4069571447.79
ene-08,1267859659.32,3559901990.45,3819358983.75,4117810680.43
feb-08,1253250278.98,3553857620.12,3810129332.92,4124363966.41
mar-08,1231223441.47,3541257666.35,3800261650.65,4119809822.24
abr-08,1231574620.23,3568563980.33,3861196063.13,4185379738.58
may-08,1235484204.87,3645158792.41,3931750257.11,4251449779.49
jun-08,1242487026.91,3649332257.16,3914688440.86,4230063521.28
jul-08,1232771264.47,3665262001.41,3985901796.51,4336440512.20
ago-08,1235888354.38,3625451381.96,3931097435.56,4306927605.75
sep-08,1240044574.03,3652276006.05,3940307283.85,4315010322.98
oct-08,1280698618.45,3773233845.26,4020882624.96,4351414092.88
nov-08,1336988461.98,3805039176.54,4085021644.84,4399287112.37
dic-08,1482728231.73,3972390752.19,4340072176.89,4660481303.45
ene-09,1416248741.61,3983477995.86,4371261026.16,4692168643.48
feb-09,1420748804.13,3987232481.21,4429589278.41,4727573822.40
mar-09,1403282962.59,3974376380.16,4394317693.66,4696226673.91
abr-09,1394809715.59,3969889246.03,4404234908.53,4707236532.00
may-09,1405502623.64,3929565412.89,4351692066.19,4656478684.81
jun-09,1412155201.19,3970812164.59,4410751117.79,4702993428.21
jul-09,1416052316.15,3991646290.60,4451033649.85,4750449839.45
ago-09,1406616186.43,3894463302.74,4400205630.93,4708587599.09
sep-09,1408923740.30,3913068198.43,4385415370.49,4713628506.72
oct-09,1456830289.17,3968328795.10,4492278219.31,4838298036.13
nov-09,1481480152.23,3982432847.35,4511445667.76,4871388499.38
dic-09,1613450000.14,4130781440.26,4616366611.37,4988876193.70
ene-10,1547730010.14,4081855490.04,4531526689.85,4918091291.29
feb-10,1517869613.50,4094608048.47,4511611319.51,4919903357.36
mar-10,1524673468.98,4032744721.84,4506117243.11,4948233400.77
abr-10,1503990111.83,4019684814.78,4507718379.67,4996163234.63
may-10,1526831442.17,4093547244.14,4580986424.88,5070400227.71
jun-10,1557126004.70,4132719561.04,4596013260.19,5090236267.61
jul-10,1562707323.63,4152034064.13,4653645361.57,5187667368.14
ago-10,1561715860.71,4231955534.09,4729850520.17,5286095438.16
sep-10,1575903553.54,4193951327.16,4700175225.42,5296003519.69
oct-10,1581896026.80,4294427496.00,4805584683.68,5471975545.79
nov-10,1627355714.16,4297482580.87,4734208428.81,5414738054.43
dic-10,1831591444.50,4442009701.88,4886367969.37,5618257398.75
ene-11,1728772137.61,4431859293.31,4890732744.49,5624044045.71
feb-11,1723622268.89,4441379303.50,4892512638.46,5666671669.10
mar-11,1734597226.24,4444644901.49,4884753168.51,5693473963.48
abr-11,1742346199.77,4476820113.73,4928006939.98,5795276082.24
may-11,1725414014.59,4470236062.30,4948969396.25,5883959499.64
jun-11,1786661865.37,4527262924.48,5021114023.06,5957182546.86
jul-11,1773596721.24,4565834754.97,5055871255.04,6038803389.91
ago-11,1770802580.29,4608944108.85,5156864473.69,6217445170.64
sep-11,1878140343.69,4631368842.80,5197419459.66,6203314945.82
oct-11,1860381606.26,4722292965.65,5310571211.87,6359056315.28
nov-11,1896333581.99,4786314213.94,5330381785.40,6385071460.80
dic-11,2081526297.80,4960125962.80,5547991480.89,6696737943.35
ene-12,1977024819.00,4963954576.84,5531718868.94,6756553373.36
feb-12,1938067672.56,4967753450.37,5535900386.11,6788577272.65
mar-12,2025670843.14,5063813573.69,5647415562.31,6909560155.92
abr-12,1993418064.76,5027747964.92,5604362326.47,6944225440.86
may-12,2024555007.15,5055211378.94,5685210098.35,7037153564.62
jun-12,2103633907.43,5100292843.34,5781908369.73,7208221850.75
jul-12,2045683289.55,5104114982.75,5790815651.63,7304817168.74
ago-12,2065560499.31,5123551112.11,5833695350.30,7348650359.83
sep-12,2076104427.92,5091448044.76,5809012599.40,7415432733.57
oct-12,2051920923.50,5187025103.55,5881732295.53,7516286879.78
nov-12,2134858979.56,5190395258.18,5900524184.63,7590296810.55
dic-12,2278174708.13,5306754530.68,6004541369.51,7814348863.03
ene-13,2173269542.75,5293968556.15,6034080966.37,7922843535.21
feb-13,2154134554.51,5297301365.86,5977103114.50,7887801950.52
mar-13,2174771786.60,5319918051.60,6041747488.17,8037338887.95
abr-13,2142217470.92,5285413685.63,5937202553.46,8024956180.41
may-13,2171176313.68,5326721542.31,6054674797.79,8081487987.13
jun-13,2211663708.91,5469573182.35,6137825844.45,8032965482.93
jul-13,2207369360.90,5520228165.17,6177329062.00,8083107684.27
ago-13,2239638324.10,5554395123.70,6285791397.03,8166603098.77
sep-13,2245970277.90,5534930381.22,6280561209.64,8238401882.62
oct-13,2214060389.41,5600967123.89,6421696744.88,8376027733.93
nov-13,2344972158.49,5698579402.52,6538246290.19,8510125840.16
dic-13,2511368572.07,5872306248.22,6608001197.54,8648388934.61
ene-14,2453893754.64,5881668900.33,6616094725.17,8614377567.24
feb-14,2438087944.29,5859314859.71,6642185576.16,8748159375.40
mar-14,2445032397.04,5852057425.38,6629092245.65,8738105203.72
abr-14,2460979495.10,5967748670.91,6716193108.99,8786498982.73
may-14,2489140490.94,5990793818.11,6730362777.68,8891906771.55
jun-14,2504596297.98,6060946402.78,6847905052.69,9050303338.69
jul-14,2531496077.44,6111404448.56,6906263244.44,9166899478.10
ago-14,2545089854.45,6123665718.47,6942106216.37,9183766572.44
sep-14,2556416712.16,6114631327.77,6902129574.66,9130298392.47
oct-14,2618525167.36,6163058348.86,7088509871.37,9368578751.88
nov-14,2711723106.42,6208067094.41,7136480699.70,9535566621.03
dic-14,2876506247.00,6356234193.58,7231689757.80,9630957416.00
ene-15,2887393058.55,6497554673.57,7336186738.38,9814038682.23
feb-15,2869132683.37,6483423543.22,7357311048.75,9807460206.08
mar-15,2884130823.56,6418897094.02,7271476164.18,9666351336.04
abr-15,2922876605.26,6476126231.09,7395799966.95,9789984920.03
may-15,2941241424.77,6536224878.12,7492813421.33,9892928856.26
jun-15,2967522802.34,6537726406.15,7488082795.56,9858297953.83
jul-15,3023155177.70,6548994514.44,7533212347.78,9929652200.28
ago-15,3052866100.95,6551246163.17,7543636463.80,9958348276.24
sep-15,3056561053.01,6558231867.93,7470464396.81,9883588124.83
oct-15,3103509534.74,6614957229.47,7597419847.29,9967876775.16
nov-15,3129911043.12,6515031607.00,7539257446.45,9857137419.70
dic-15,3348743499.90,6761044534.70,7769928305.14,10119051450.32
ene-16,3296228415.42,6804560202.11,7877380404.66,10237162102.26
feb-16,3272357665.54,6771465678.32,7848307435.04,10194510396.46
mar-16,3301177620.57,6816853592.75,7824719315.29,10160873247.49
abr-16,3318515720.83,6879613016.02,7849323981.74,10188615938.08
may-16,3381895447.01,6987906902.06,7942800880.99,10183335453.54
jun-16,3440349801.30,7119001193.24,8073066967.26,10257839802.59
jul-16,3456182318.39,7168971857.18,8131866093.69,10314304743.90
ago-16,3469969233.88,7116798712.91,8084354434.70,10279248450.31
sep-16,3488334774.98,7231920684.28,8254531377.21,10567747940.29
oct-16,3513857741.25,7269977359.85,8225793511.14,10515082025.32
nov-16,3650474084.96,7381047628.01,8380701288.03,10613188582.30
dic-16,3868310952.38,7662999027.08,8581481845.38,10811214960.00
ene-17,3811392752.35,7603905361.09,8566037534.81,10832688936.26
feb-17,3798023997.55,7587829340.54,8541722039.68,10861360016.15
mar-17,3783838369.42,7540815124.36,8581697755.12,10931462895.59
abr-17,3812359642.50,7555699222.79,8598752387.79,10949605002.02
may-17,3739860927.68,7559946604.30,8548068501.74,10868736169.56
jun-17,3805689580.40,7676700268.54,8732556783.31,11068595775.15
jul-17,3822383203.04,7740065389.69,8882335580.61,11183729491.22
ago-17,3777435858.40,7698045371.72,8795875282.57,11092873184.28
sep-17,3859419791.22,7846367662.41,8975586669.74,11327869556.02
oct-17,3920568309.01,7935068634.34,8993363452.98,11309783955.16
nov-17,3994732947.19,8061705113.86,9162047114.04,11476959696.69
dic-17,4264017581.97,8394065090.48,9494959091.07,11712255874.82
ene-18,4075871703.85,8236764222.43,9204188799.37,11438454190.85
feb-18,4075774260.99,8262795220.30,9274968546.61,11469513247.45
mar-18,4138523788.28,8306747097.20,9511455276.54,11775566217.45
abr-18,4142745967.14,8399109746.04,9524170807.24,11805418987.95
may-18,4154520320.45,8467697884.13,9620499043.68,11902190438.20
jun-18,4286011488.37,8567406925.37,9731594095.95,11989482393.72
jul-18,4173476691.65,8434727583.59,9654408147.38,11934042720.40
ago-18,4197524436.42,8506482676.28,9731622039.33,11977004592.02
sep-18,4159127404.13,8508985694.16,9776009858.52,12052456171.62
oct-18,4204528593.23,8549110646.41,9823120422.70,11985668397.53
nov-18,4350488324.33,8701307648.23,9979321961.33,12158717848.85
dic-18,4492216319.62,8815667166.35,10095006309.31,12262977267.97
ene-19,4323954421.05,8702653500.00,10063951809.79,12351464247.83
feb-19,4306875852.80,8744413483.06,10033608387.67,12334092233.31
mar-19,4315849487.16,8826482785.66,10128770329.74,12475416806.47
abr-19,4290374415.06,8776012097.96,10101381473.38,12410272986.46
may-19,4338162025.54,8902391031.72,10270966161.66,12628224742.14
jun-19,4351788055.20,8934026063.30,10323399631.10,12630959820.29
jul-19,4311122441.76,8923500139.27,10304261626.24,12597073848.95
ago-19,4390415277.68,9087065056.15,10557492347.44,12910071903.99
sep-19,4331168999.26,9046367222.80,10543226791.51,12891002790.72
oct-19,4337305956.24,8987117997.64,10538725032.26,12907410127.04
nov-19,4511911114.12,9124889990.88,10694387974.17,13007774198.50
dic-19,4702035012.05,9315954192.20,10768143121.83,13190038749.96
ene-20,4556118423.45,9249820534.95,10746026512.33,13232114506.39
feb-20,4600415649.86,9390303834.32,10870782330.65,13362785676.98
mar-20,4884751488.86,9763356413.63,11282873034.01,13557712553.34
